7.9195109393139 0.212169211079493 0.384567266386038 1237678597554307387 24.09583
453.679796545312 15.8804961718317 17.8139299468802 1237678618492469362 17.47546
196.895004544841 8.52323170730775 12.4108583679602 1237678598628442296 17.07469
430.805507872904 6.52837795797757 34.2547550672502 1237678776867881054 17.43129
415.145883466688 10.7906170422464 35.0664845275155 1237678777405014196 17.78662
284.598351511603 9.202616416337 12.1381602263245 1237678597017567263 19.72969
516.106959441791 13.8295338153144 21.5513051241238 1237678597017436239 17.83909
428.384937437835 5.2371301250855 37.1504812509603 1237678777404686519 17.55683
422.332217745566 9.41679095063868 33.6444506691622 1237678776868077663 17.45396
425.381470725559 7.91657048723146 33.8087991103815 1237678776867946644 17.62311
477.686825771332 27.1218667763247 48.9166685364933 1237678663036043334 18.57368
475.575312980844 7.26521052824921 17.4471269153416 1237678618491945219 17.22488
460.824562920648 20.9457768398501 26.9509188914324 1237678620103344194 17.27596
419.60762451749 9.54010744572781 43.3426448862132 1237678663035191432 17.45933
463.425072891702 19.5396284975935 25.6418697695884 1237678598091505850 17.58874
448.553478384843 14.9842863180813 16.9634578310185 1237678618492403937 17.61477
651.039275936691 46.0382860307231 62.8991944961025 1237678662499500175 17.79209
311.57665650435 20.890681024025 30.3680956850216 1237678662499434636 17.60548
388.620568126874 15.0710980868817 23.748603569316 1237678620103147788 17.32711
429.267011816565 5.64252543775164 38.4503522012188 1237678661961187533 17.18711
615.73045327101 40.4051132682373 48.2594234230036 1237678622229004385 17.77142
392.047023395944 18.1979635573401 21.9490745769045 1237678598091636809 17.51611
304.616871633415 15.5220062419983 22.3586916938506 1237678660888428731 17.14023
433.590523748773 10.5442413936897 34.9148043023605 1237678661424644215 17.22829
383.48681772355 21.402931699401 19.2875280585589 1237678597555027980 17.21529
315.530541786769 17.2332154600326 28.9580883474353 1237678777942605894 17.2234
461.496469972458 23.0363557510935 32.708131089516 1237678776331862170 17.90447
428.164605693562 5.14146408347496 32.8164591273509 1237678776867815526 17.49938
651.072882361717 47.2682401709337 66.2474658626752 1237678623839748341 18.3527
390.829981712808 14.9664498212973 17.6945333397118 1237678619029405845 17.34389
278.59206307697 6.77182844154974 12.2062907590471 1237678619029078230 18.22683
197.578604839698 11.6822276533487 15.997333778077 1237678661425496144 17.36538
466.22059284869 10.9319598282713 37.6041267981136 1237678661424578730 17.75005
448.758233418904 18.6656994668452 31.3095935676107 1237678776331665603 17.6666
410.318076354146 17.4860891020267 32.4313489399071 1237678776868536536 17.67468
453.429419270153 19.9022805702861 35.5246186530794 1237678776868601981 17.19986
471.327457096373 8.77748030505356 25.9650310265732 1237678598090915975 17.14499
520.15108284385 33.1479536903568 52.4945541530877 1237678623839551597 17.48382
496.183439617532 9.3729974880668 18.8010977699166 1237678618492076046 17.94903
515.814038245576 14.1806138299897 21.7380814659408 1237678597017436257 17.33704
463.664520592868 20.4554943703032 16.2346004592293 1237678596480958633 17.93777
291.945738573862 14.6017580571627 11.5104108235155 1237678618492797148 16.99543
429.413964254796 7.06658902383357 23.8259372707163 1237678598090915905 17.26945
453.816038618057 23.6252895486373 26.2914022577518 1237678598091768016 17.193
430.015502487693 6.32709220531718 35.3409354279766 1237678661424382212 17.86542
290.705438620416 16.7661680638358 14.2331732028459 1237678597555028254 17.52924
419.222650900086 7.17387084737391 32.7847200741786 1237678776867946607 17.1216
509.07186275608 2.79906445186783 23.7519149025971 1237678619028553997 17.19525
526.7324190122 38.9005558899025 53.7745993249266 1237678623839813768 17.62095
466.427694474009 10.5571446986056 39.0965436575747 1237678777404948580 17.44368
435.11874890537 6.57359352080062 15.6782913244466 1237678596480237708 17.78429
387.437485445373 20.5875121986953 26.7872312595488 1237678776331927691 17.24237
657.823434789415 43.8335764682927 51.5896717508365 1237678622229004446 17.77028
460.784411640604 19.5978077747253 31.1058652589537 1237678660351295728 17.34395
459.77497166151 31.6013300945716 39.3072061836658 1237678622765940864 17.47983
471.128063263448 8.45339909674266 35.3558480423445 1237678660887576759 17.15839
452.078388487648 26.0942589658578 35.7037966355088 1237678622228807762 17.12671
400.242171122519 4.63832968246808 16.3266244707169 1237678597017042950 17.448
426.409733910853 7.80285993149294 17.3278761331305 1237678597017174133 17.7106
422.061198852473 5.61576798034729 39.5353843148194 1237678777941557417 17.44075
436.856630432311 18.3673016438896 29.7045856278895 1237678660351295698 17.73442
194.179660487118 11.4317931978888 15.8033700414503 1237678661425496139 16.93694
473.940508892192 27.3842974942107 48.8661008533486 1237678663036043375 17.18822
422.346481422549 8.71479411278022 31.9690513991817 1237678660887642272 17.42735
655.971190511146 42.5179175045485 57.6151093886076 1237678661962498163 18.30673
472.202321322747 13.424271343325 43.6176369306472 1237678777941950581 18.14333
478.576243368123 26.9232607937716 48.3706010077096 1237678778479542393 17.62147
525.509131802961 38.8508353142082 54.007372569194 1237678663036436625 17.12861
387.345954253773 26.4862964766931 17.577384025604 1237678619030126819 17.30716
458.574161291107 18.3616017807729 32.0601234510295 1237678776331665480 17.47586
433.222303547005 5.35429647154669 37.7472277779729 1237678777404686441 17.69922
193.839010894777 14.3397124424654 16.1691087467684 1237678661425823880 17.22478
471.037365052284 7.91633297946706 33.0116323811251 1237678776331075695 17.3877
5.65207832353143 0.159584028271465 0.208799733354134 1237678618492272869 23.30094
192.648435869063 11.9858669422869 17.1391364413407 1237678661962432664 16.928
437.254166661567 18.4007209361735 28.528300000679 1237678598628376744 17.23072
273.798492677699 7.99632207258528 12.9104215338273 1237678619029209182 17.0501
468.089413994131 10.562688310161 39.366408832254 1237678777404948576 17.14183
614.664944158877 43.0075039667133 60.2899707974244 1237678662499500150 18.09628
433.94663450052 5.21376822738308 37.8099303941257 1237678777404686437 17.28941
334.409638757278 19.5600434754523 20.5176830697273 1237678620103671918 17.08625
257.358554126932 5.62124782316889 20.2888436788682 1237678776868077640 17.43871
361.809389930017 14.4324925981 32.8980890608904 1237678661961842895 17.09503
648.954530159318 47.0566808894184 55.9251239519718 1237678622766006488 17.85253
377.948623758758 25.2665347420943 32.5993863243342 1237678622765875409 17.1986
427.544489129721 3.01117399473687 22.9324222821803 1237678619565490721 20.33007
421.228499853735 4.17101662015811 42.7105485305306 1237678778478362765 17.28881
430.95561619404 6.62726810152744 39.4929208309487 1237678777941622956 17.2719
419.893970703626 11.1948095523827 21.4093865580869 1237678619566014769 20.06495
431.157642004707 10.4292170681257 34.6391480726251 1237678661424578749 17.36684
392.995301064604 28.199625383259 19.0597047148991 1237678597555421200 17.27762
409.892489385105 22.4831298761605 15.1553432106196 1237678618492928167 17.42924
417.60930760011 5.69506576899642 32.29840192711 1237678776867815624 17.09135
423.311006456507 7.27559512280664 16.4552169168119 1237678618492010540 17.69778
301.775086995953 14.6890159710294 13.3366402930672 1237678619029668114 17.36141
372.725138547766 22.2433934529553 38.5303756371606 1237678663036108894 16.91917
439.938681312425 18.9545401598039 28.3328722576293 1237678598628442276 17.37985
258.245481491929 3.48797276423842 26.6087191137277 1237678663034929451 17.32766
330.11935728819 14.3816633517684 26.3201446544298 1237678776868601973 17.12791
262.921904727746 9.52468304291884 16.1363334886735 1237678620103082170 17.11215
605.899016176707 5.59594800205907 57.7817199135404 1237678662497992788 17.25469
647.446593593805 46.4477000830791 53.93987531478 1237678661425823826 18.31202
449.964361040988 14.2249605526756 33.2214155214086 1237678660887904427 17.535
425.970847109219 6.55252056573293 28.6926004074911 1237678660350640375 17.10382
396.815888423489 16.252521623696 23.5608641451797 1237678620103213242 17.55722
258.208061355546 7.22920965641535 14.2445377119434 1237678598091178138 17.43147
431.513309381237 5.51994012514212 37.4834079907049 1237678777404686458 17.39664
424.14524634273 6.247244857619 34.224451449412 1237678661424382217 17.4081
422.047615897021 6.49220326001885 24.5987702965353 1237678620102557783 17.32995
519.5273832504 30.9937665142925 51.8893518770562 1237678623839420621 18.16068
261.509468102651 3.29920639538357 20.3734747259679 1237678776867815581 17.00622
498.039429049109 3.57749387583421 20.7440230578408 1237678597016911986 18.23654
429.889180088397 11.707638150966 33.2708890224246 1237678776868208725 17.64536
437.669510669609 18.2164790172412 28.539254102829 1237678598628376728 17.45635
392.769673312703 23.6166089328177 28.7505410392361 1237678660888625262 17.21562
435.830919981203 9.71775889037403 20.3138815629775 1237678619029012704 17.1543
525.005311984205 38.1777823280366 53.9124280672959 1237678663036436571 17.39743
435.184327327621 6.79634847307979 34.3942013373721 1237678776867881066 17.16918
317.222230255056 14.6491593463942 21.5005516072058 1237678660351426674 17.17501
427.031890167985 5.84015972746282 26.8656268185312 1237678598627721291 17.63932
192.662871623899 11.9507124020598 17.2539315542081 1237678661962432616 17.1427
196.193569701829 13.0882940825194 19.8557200079463 1237678623839617126 16.93473
364.896385412531 15.5567881352917 37.0974922255594 1237678778479214684 17.4511
514.192449274463 2.93287404604785 24.8696934091729 1237678597553717385 17.71202
415.874097268225 6.77738479690301 19.6472320508347 1237678597554045012 17.10213
423.112975221186 7.37438466780023 18.1649368428572 1237678597017174122 17.45992
459.666968651831 32.9387282312689 39.176828475483 1237678622766006447 17.52769
286.872861594864 3.9140516975336 12.05386349162 1237678597017108548 16.86186
447.223016379486 18.1102999857597 38.5699741305974 1237678777405407383 17.07645
507.844911349688 2.85789433115127 23.9770392138862 1237678597553717382 17.31429
423.277086092025 8.62162730633039 29.0395663179826 1237678660350771394 17.19176
657.625047429671 44.2520121425388 50.808832532862 1237678622229004516 17.66045
513.101449947353 9.62404058180062 23.700495750733 1237678619028947054 17.17251
437.218624685704 7.29895256165871 16.1403264198189 1237678618492010723 17.9393
452.153279043112 19.7666175421078 30.5622016496545 1237678660351361167 16.87052
307.410115537297 14.146918577344 18.0768351581135 1237678620103344241 17.11907
395.714137201948 16.0231499835683 35.9754859627182 1237678661961908300 17.37255
288.677771474311 11.6124019633227 11.5742072086362 1237678597017764012 17.00218
389.180017851273 15.1352682674995 29.5076955136002 1237678660888101005 17.42436
449.683360539097 15.1072982311184 20.0727554604299 1237678619029274664 17.36648
424.415423011544 3.16384148886242 39.3677276552868 1237678777941426478 17.50585
378.227703569338 28.2636617253446 32.3587264522328 1237678622766071988 16.89463
