1237664852039237839
1237665101680607479
1237665101143277579
1237665352394080293
1237665352395587707
1237662662675529893
1237665178988445949
1237664852037599472
1237665102751924462
1237662661601198248
1237665126950633698
1237665102216691879
1237665180600500397
1237665181136781573
1237665180063039700
1237665102753759447
1237665127486193871
1237665101141442569
1237665101141442773
1237665179525709869
1237665179525710012
1237665129095561310
1237665178988380312
1237662696495120830
1237662224620388580
1237662698106847494
1237665126950305934
1237665101680148735
1237665128559345851
1237665129096151207
1237665351321190588
1237665351321190589
1237665352394801440
1237664854185148742
1237665179525972145
1237665101679296770
1237665102216102110
1237665179525644453
1237665180062449882
1237665351857733654
1237665126948995202
1237665128024244410
1237665351320928449
1237664852037861673
1237664852037927141
1237665101678117011
1237665352394670296
1237662224620191893
1237665180062974127
1237665101141704906
1237665101679886504
1237665103290302504
1237665103827108059
1237665129095823565
1237665179525447949
1237665351320731756
