1237665101680607479
1237662696494596383
1237665180062384435
1237664852574404690
1237665126949781839
1237665101141377176
1237665101680279661
1237664853647818968
1237665101680607478
1237665101680607496
1237665350246924292
1237662697567944868
1237665101141639401
1237665103288860899
1237665351320928388
1237665101143277691
1237665128024178881
1237665179525709997
1237665101143081132
1237665101680541922
1237665178988708004
1237665101679820974
1237665351321321727
1237665351321321731
1237665128024047851
1237665101680541886
1237665101680541896
1237665101680541912
1237665101142950108
1237665180600041847
1237665101141442817
1237665180063891480
1237665180062646343
1237665101680476346
1237665128024244394
1237665179525710055
1237665101141443001
1237665179526037541
1237662662675529893
1237665178988445949
1237665180063039700
1237665101141442569
1237665101141442773
1237665179525709869
1237665179525710012
1237665129095561310
1237662696495120830
1237665101680148735
1237665351321190588
1237665351321190589
1237665180062449882
1237665101678117011
1237665101679886504
1237665103290302504
1237665179525447949
1237665351320731756
