1237665179525447949
1237665351320731756
1237665101142687893
1237665101679820963
1237665126949781839
1237665127486390391
1237665127486390395
1237665127486390625
1237665179525709869
1237665179525710012
1237665180600041847
1237665101143277691
1237665101680541765
1237665101680541922
1237665102216822923
1237665102216822942
1237665102753562674
1237665103827173640
1237665127487504428
1237665127487504545
1237665128560591079
1237665178988576893
1237662224620191893
1237664853649588481
1237665101679886504
1237665102753825002
1237665103290302504
1237665102753759447
1237665178988708004
1237665180063039700
1237665101680476346
1237665103290827043
1237665127487439215
1237665128024244394
1237665179525710055
1237665350246924292
1237665101679296770
1237665101679820974
1237665101680607541
1237665127487569938
1237665128024178753
1237665128024178881
1237664853647818968
1237662698107109738
1237664852039237868
1237665101680214208
1237665101680607478
1237665101680607496
1237665102217413009
1237665127487504644
1237665127487504646
1237665128558952624
1237665129097920685
1237665178988577028
1237664852575649966
1237665101143081132
1237665178988445949
1237665180062974217
1237662224620388580
1237665101680148735
1237665128023654529
1237662696494596383
1237665178988511428
1237665180063039854
1237665101141443001
1237665126950306031
1237665179525709997
1237665180062974127
1237665101141770350
1237665178988576842
1237665352394473686
1237665102215774216
1237665180062712093
1237665352394801351
1237662224620322893
1237665180063891480
1237665352394801382
1237662662675595392
1237665102753956031
1237665127487308016
1237665127487373356
1237665101142950108
1237665101679362259
1237665101679362293
1237665127487307950
1237665101680607479
1237665180062646448
1237665351321321727
1237665351321321731
1237665128559345851
1237665129096151207
1237662661601198124
1237665128024047851
1237665129097592947
1237662661601198248
1237665101678117011
1237665101680541886
1237665101680541896
1237665101680541912
1237665374402510952
1237665126948995202
1237665352394670296
1237665101141442569
1237665101141442773
1237665126948602067
1237665127485472774
1237665129095561310
1237665352394276898
1237665352395718667
1237662223546056810
1237665101141377176
1237665101680279661
1237665102216691879
1237665181136781573
1237665101141442817
1237665101679362217
1237665350783664145
1237662697567944868
1237665126949257704
1237665179526037541
1237665180062646343
1237665352394801305
1237662696496234625
1237664852039237839
1237665101680082954
1237665128023785675
1237665102217281756
1237665102753628351
1237665180062449882
1237665101141639401
1237665103288860899
1237665126950633698
1237665351320928388
1237665351321190588
1237665351321190589
1237664852574404690
1237665102215381054
1237665180062384435
1237662696495120830
1237665101142491290
1237665178451640491
