-96,1196103539045 -96,1995730251908 66,0121137026276 1237665179525447949 16,05713
-95,2838524926736 -95,330091420548 64,701980431893 1237665351320731756 15,95315
-84,1341810300243 -91,1777779951416 61,3748174500777 1237665101142687893 17,36081
-87,9807951128581 -98,2459773816599 65,974204171204 1237665101679820963 17,92648
-90,6596530151798 -99,5935755825427 65,7785985370987 1237665126949781839 16,88087
-83,9232837812478 -90,8784951166497 61,7019780970386 1237665127486390391 14,3242
-80,5633460435639 -87,1820729813598 59,2032799135567 1237665127486390395 18,11905
-86,4204672160977 -93,4750980485117 63,5203228777264 1237665127486390625 18,58699
-94,6376522007661 -96,7156398720443 65,40521249979 1237665179525709869 15,5155
-92,7730825173773 -94,7485679514577 63,6433528928603 1237665179525710012 15,45821
-91,5991531734955 -99,3610572732449 65,6362080432241 1237665180600041847 17,42516
-89,270057082439 -101,754336886967 65,7154051499406 1237665101143277691 15,38055
-84,0998217269998 -99,7149442899423 63,0233147457091 1237665101680541765 14,92144
-89,2250109952201 -105,922603111369 66,9884046836386 1237665101680541922 18,22526
-81,8910146238269 -92,7607032565732 62,3475015590069 1237665102216822923 16,32575
-82,5939137738378 -93,6180908010379 62,9257933762988 1237665102216822942 16,67475
-81,7720164673866 -92,661371667704 63,8067727373857 1237665102753562674 17,42866
-83,1833518938367 -94,6873588945927 67,563934422072 1237665103827173640 18,11487
-78,3731530291463 -92,9341586551891 58,3149445098095 1237665127487504428 16,11969
-84,0897454787666 -99,7460667488136 62,6260388867642 1237665127487504545 16,31995
-81,1543967601716 -92,415692056814 62,4589924842305 1237665128560591079 17,2867
-62,6914930348638 -62,4578672202552 45,3164505271539 1237665126948601861 14,95424
-93,4552390251827 -93,0138061569162 63,1287727220648 1237665178988576893 15,27104
-77,8053939140303 -87,6939899544256 70,23401687054 1237662224620191893 17,54722
-80,0899051212036 -92,4858375491633 68,6847975421015 1237664853649588481 16,41471
-89,5312957097018 -100,81773134368 67,1898061929499 1237665101679886504 17,63397
-86,3971819572277 -99,7701311623768 67,186375420768 1237665102753825002 17,45968
-92,8208194140253 -104,482779655708 73,2783390001256 1237665103290302504 16,65468
-86,4336863853465 -99,4469296255129 67,0743588511388 1237665102753759447 16,66445
-92,7841858863066 -93,1517192251252 62,58456467568 1237665178988708004 17,37036
-92,8320946148362 -98,9666807548099 65,1353109806491 1237665180063039700 17,60435
-89,8752922327907 -106,055304427587 67,781474920076 1237665101680476346 16,89704
-82,4608894107479 -97,2514232792907 65,7599708661095 1237665103290827043 18,18038
-83,0959203477084 -98,1544124080182 61,7458092679248 1237665127487439215 18,09365
-91,2303263087055 -107,587485702883 68,8758416557816 1237665128024244394 18,34112
-92,9508116663109 -95,2004867561111 64,1403580687032 1237665179525710055 18,17645
-63,9104435373419 -62,8342389881179 47,7282093315051 1237665128022016335 18,02048
-97,5420894559357 -95,9986313770245 63,9153195960678 1237665350246924292 17,72451
-40,3452725238271 -39,6693179241866 26,3999649596416 1237665350246924367 17,76656
-101,854405123877 -100,117825548193 70,3541736481609 1237665351857340551 17,25928
-89,8090688457377 -96,2179518555483 66,9659008635633 1237665101679296770 16,78223
-89,2144206945025 -99,7371974341576 66,9527170868563 1237665101679820974 18,33259
-84,939210434635 -101,165378305556 63,5661571481603 1237665101680607541 16,6167
-84,2548416807292 -100,35596393968 62,7956920323972 1237665127487569938 16,56914
-86,9726045016224 -102,098306284743 65,6825631620659 1237665128024178753 17,30349
-88,9851071417695 -104,52622517783 67,3745666245124 1237665128024178881 18,19414
-91,3678239852518 -90,6996117079797 76,5937469788161 1237664853647818968 16,22534
-80,1244116828102 -95,3758938340207 69,3093328247349 1237662698107109738 17,23175
-82,6579224414975 -95,3197138309898 66,6312594745551 1237664852039237868 17,8728
-86,5379801701885 -99,8790531165074 65,1135464902734 1237665101680214208 18,08606
-88,2402501690938 -105,011450195389 66,407459343715 1237665101680607478 17,8655
-93,5557082950044 -111,335631044918 70,2950839799085 1237665101680607496 18,29001
-80,9131413556902 -96,3438810942148 62,1656662073109 1237665102217413009 18,19706
-84,7168923102336 -100,784800405712 63,2630150603846 1237665127487504644 16,17274
-84,2614655616792 -100,249976639249 62,8687357485053 1237665127487504646 18,75054
-94,2658766916624 -93,6880687509491 71,5525987587294 1237665128558952624 17,40285
-79,774340633845 -94,9145015697136 63,1452798365385 1237665129097920685 18,16827
-93,6910539825175 -93,1886693506307 62,9982865785971 1237665178988577028 17,81829
-81,6404815855585 -91,3125582040658 67,0701227679115 1237664852575649966 17,61776
-91,250389180048 -102,203467996082 66,8238288231936 1237665101143081132 16,80142
-96,8268498187696 -95,3842444975806 65,0103626726105 1237665178988445949 18,0877
-91,6067768002804 -97,2787905631843 64,2054022821489 1237665180062974217 17,10248
-60,3606644668183 -65,5426323796328 42,4441474778951 1237665180063236282 16,93324
-77,9937099091194 -89,4068839665324 70,9975229100574 1237662224620388580 16,53404
-91,4745963011218 -104,886396178677 68,1707622831907 1237665101680148735 16,1794
-59,962351088871 -68,6831562785471 43,40166358988 1237665126950305934 15,1712
-84,0494909991537 -94,3816089511113 63,3679219748996 1237665128023654529 17,21177
-88,9871324485509 -87,9108104951487 71,3114757098241 1237662696494596383 18,14433
-44,7651799615692 -52,0941896651171 38,7015746192542 1237662698106847494 21,72243
-93,79443754213 -92,5431553943081 62,8482696557948 1237665178988511428 17,28081
-100,021152310456 -98,7338598549537 70,0963435417028 1237665180062122065 16,17193
-91,056279172094 -97,1668429648706 64,1912784793495 1237665180063039854 17,5286
-90,7614754871959 -88,92642083471 65,8283949677068 1237665101141443001 17,7704
-87,6296732972808 -100,596350171716 63,530255624505 1237665126950306031 16,35955
-94,8843874091011 -97,0158082649583 65,4936532309785 1237665179525709997 18,16766
-91,3236666457951 -97,0888796882742 64,3034834092671 1237665180062974127 14,63569
-113,370474739674 -115,054364688884 92,8826659520269 1237662697031663788 18,24974
-87,1739234356194 -87,5829242291192 63,5704948279533 1237665101141770350 15,78087
-93,881172712641 -93,0625312976675 63,0180766080856 1237665178988576842 17,41463
-63,3540415540904 -64,3302365842714 44,0446384034133 1237665351857668747 17,78652
-86,5191451760646 -87,852487897435 61,4109984194107 1237665352394473686 16,13823
-92,0822447322768 -95,7759262077629 70,0287183350278 1237665102215774216 14,75948
-85,1241794215067 -88,5308160426095 59,8637177291773 1237665180062712093 17,63095
-86,1428183389269 -89,5544834149178 61,0145828985941 1237665352394801351 17,69436
-76,8939644999171 -87,8680206837456 69,7358587356595 1237662224620322893 16,94063
-85,0947097605574 -99,0092659833078 77,8260525491238 1237662662675529893 17,70816
-90,0003084586798 -102,821579315066 63,7308095745121 1237665180063891480 15,52895
-41,86744663397 -43,6650848797867 28,5111431518625 1237665351321256079 17,8099
-84,2846307375709 -87,8951597498905 59,8500400524302 1237665352394801382 16,33159
-76,9386572001949 -90,0967384212507 70,3194146738998 1237662662675595392 14,88797
-86,1953491477149 -100,927035109928 67,3778205349191 1237665102753956031 16,24152
-59,3861799444462 -67,2047891925327 43,1612239223922 1237665126950109347 15,46388
-82,9374098185523 -96,9903996838709 61,6481470142518 1237665127487308016 16,69276
-85,5101511029907 -100,261846614002 63,4276908803928 1237665127487373356 15,59554
-60,455719740294 -67,1883778422345 43,3610985375964 1237665352395587707 16,57903
-89,7781228957497 -99,9699797622186 65,9432140858392 1237665101142950108 17,16977
-88,1276264879185 -94,741423238541 65,6719414846939 1237665101679362259 18,07646
-83,9037902761796 -90,2330122983673 62,2536797065548 1237665101679362293 17,36615
-86,2012984691003 -100,501501871385 64,1486895959138 1237665127487307950 16,40966
-90,1158943106412 -107,030833566526 67,3762261147149 1237665101680607479 17,57486
-87,3460361551788 -90,2316283113766 61,5612333295503 1237665180062646448 16,82305
-61,392095886648 -64,7821475093432 43,1124501008443 1237665180062908454 14,40922
-93,5311825051759 -98,5525672958641 63,7992322425295 1237665351321321727 16,30302
-93,4684484821482 -98,578821062207 63,8947283745287 1237665351321321731 18,31821
-85,859624037062 -88,1547176033301 65,6805292792429 1237665128559345851 17,34514
-92,2866802636609 -94,803531478208 71,7117779525221 1237665129096151207 17,68731
-79,6617446564191 -87,0389625556059 70,0693688453688 1237662661601198124 16,12395
-90,7313400282225 -105,304448304115 68,4508189366534 1237665128024047851 17,26795
-85,5341887784344 -99,0695144598746 67,1176183415669 1237665129097592947 18,47653
-79,8226963338915 -87,3463749742909 70,3509285398571 1237662661601198248 18,02133
-87,3788626053186 -84,4978242297298 64,4224522708276 1237665101678117011 18,21872
-93,1931532349743 -110,432629429434 69,9047140009068 1237665101680541886 18,13615
-87,9758024338304 -104,179109476491 65,7350799437108 1237665101680541896 16,86636
-88,997419616974 -105,465810822515 66,4776193330243 1237665101680541912 16,26618
-85,2127806575822 -100,992947610877 62,3318119318687 1237665374402510952 16,80874
-84,4995821692302 -87,0419539766146 60,9407746001427 1237665126948995202 16,43663
-87,6129445887601 -90,2185301631513 61,9460317534062 1237665352394670296 17,65225
-88,9183640571165 -86,9134371232695 64,4967289471006 1237665101141442569 15,04213
-88,0408744437916 -86,0795891919881 63,6975817706448 1237665101141442773 18,19981
-83,4570052629985 -83,3686600024788 59,9912666394613 1237665126948602067 16,34539
-86,8256498746394 -86,7586952589998 63,4855522521859 1237665127485472774 15,85457
-87,4439511063674 -85,4325534030057 67,8815046462962 1237665129095561310 17,39908
-104,25399475731 -101,913396405444 70,0971138393625 1237665178988380312 17,49143
-85,9971143552456 -85,8296080983417 60,8962335104066 1237665352394276898 15,01608
-88,945423664788 -99,7657774761134 63,812060645739 1237665352395718667 17,82683
-79,324336287869 -85,5161516617741 69,2908443432325 1237662223546056810 17,08928
-91,694693681181 -89,3422487738552 66,4522647160245 1237665101141377176 17,69391
-92,0605700339946 -106,60040078495 68,9803213641092 1237665101680279661 15,74065
-83,0047561416239 -93,3275034561609 63,3621441318734 1237665102216691879 15,61507
-84,7989554149 -91,4539396461405 61,9401476464917 1237665181136781573 16,92261
-90,2548776311096 -88,3533176578659 65,2651400534988 1237665101141442817 18,12298
-88,8820186613602 -95,4291004550635 66,2064928330674 1237665101679362217 16,09514
-94,0343598050643 -92,0831651497561 62,2815101490132 1237665350783664145 17,59364
-90,362869933719 -87,8119736720617 75,5133819983763 1237662697567944868 18,18744
-84,0227274933079 -88,258195171839 60,4555892320083 1237665126949257704 22,70372
-94,029671970099 -98,8001115402999 64,8969887877951 1237665179526037541 15,35808
-93,1414356073713 -96,4000521491589 65,5192408844411 1237665180062646343 21,615
-86,7207187918696 -89,9881305031421 61,2904671591782 1237665352394801305 16,11952
-83,3843037451883 -94,8161196156091 68,0284881077383 1237662696496234625 17,36473
-82,8548735891396 -95,407466352024 66,7376964809788 1237664852039237839 17,34583
-60,6506159390661 -68,9759483843925 44,237657870884 1237665101143277714 16,69316
-81,0838123506716 -92,2550958056334 60,5587664969879 1237665101680082954 18,44703
-85,1713729565861 -96,8319080810346 64,5618300775984 1237665128023785675 15,19745
-60,4045355631548 -68,6098478386808 44,1360063454099 1237665101143277579 15,70199
-84,8775529962082 -99,8443404928367 64,7041954275661 1237665102217281756 17,18016
-81,2904184051818 -92,2773838210305 63,3538541361792 1237665102753628351 17,41955
-93,8407802141667 -95,3947342058894 65,5504626107738 1237665180062449882 17,42531
-60,2246346304097 -61,2113911754139 41,8225187071575 1237665351857733654 16,55782
-90,5358850240128 -90,2961008657699 66,0716548100298 1237665101141639401 16,59034
-84,1300271573575 -83,8644796045695 65,7226229260443 1237665103288860899 15,7116
-86,3524865453662 -101,686317377748 62,7768735597972 1237665126950633698 18,14544
-93,0251561938636 -94,7506632923053 63,6233263441622 1237665351320928388 15,09095
-94,3536231763292 -98,1681979036044 64,1307529127882 1237665351321190588 17,30186
-95,0480192478711 -98,956601811966 64,7461740034018 1237665351321190589 17,8709
-112,777788799387 -109,49684231883 90,827116004472 1237662696494334125 17,39233
-86,1556120748288 -86,8241834090063 69,8450704259569 1237664852574404690 16,9739
-62,8768002155678 -61,0346563230984 47,5389070055764 1237665102214922368 18,25342
-86,4528296098251 -87,1543298407893 65,0772400227076 1237665102215381054 17,26083
-62,6929386411933 -63,2411577677241 42,4335672015145 1237665178988708090 18,11265
-91,5438644446162 -92,356250142069 64,1334093055192 1237665180062384435 18,24607
-91,120914599113 -94,3998512352155 73,5776333645295 1237662696495120830 17,65528
-82,9066378992086 -88,6287190612398 60,557413204072 1237665101142491290 17,70025
-60,9528047699615 -61,062113971408 46,1610720549257 1237665102215315492 16,87537
-59,5884281431128 -67,3262294967443 46,3149813171588 1237665102753562733 18,00197
-94,4920750733553 -92,7689131618471 62,2509066015347 1237665178451640491 17,00322
-102,161611625796 -100,264919550949 68,4100655929259 1237665178988445852 16,87596
