118,592111523614 -0,619532768306661 31,2046280520756 1237652943175155995 17,08444
197,411271012844 6,97463568920258 52,3377594677283 1237652943176138868 16,04583
195,099763151067 6,89065144188973 51,9012734216134 1237652943176139008 17,67166
222,142803042206 7,8892425028519 62,1068243466818 1237652944249946364 18,27927
84,0953266574757 -0,464613686882246 24,2583226510545 1237652944785834179 18,19286
164,336571006363 5,81668244045585 40,2625145115051 1237656494040744040 15,71973
160,815640194651 5,78766892078996 43,5140059097793 1237656495651422333 16,75605
78,5814988109823 2,41002455460386 19,757174488642 1237652942102331552 15,71374
78,5033252094889 2,39610510383612 20,8058940806 1237652943176073256 20,26853
181,49244382436 8,55758126203385 48,1765585479831 1237652943176466574 15,6516
191,311005363453 5,83306753579261 52,4153142555537 1237652943712944222 17,65877
147,957190651385 9,52357228124011 38,4048518596606 1237653651299631262 16,91026
185,379950629381 11,9882861231346 47,8809283337816 1237653651299631272 17,22347
147,28211770333 8,84447408076996 38,4523123190348 1237656495115141138 14,8792
161,600119996833 7,52980719421515 43,5989920452589 1237656495651684461 17,37401
159,270590400461 7,56505878732515 44,4914682127782 1237656496188555327 16,20525
246,090473417008 14,778631578707 87,2130186176534 1237680245742043434 17,13508
74,2767303231194 0,728012391292174 19,1932435945849 1237652942638678545 17,36279
29,0548234740352 1,65570168036196 7,47730074845449 1237652942639792314 20,00686
182,585724729636 1,72875808210954 45,9871550295998 1237656494577025171 16,57697
184,046073102203 1,90109148489359 50,7657167302011 1237656496187638125 17,89959
159,673427250197 4,55975285799558 44,8041486262887 1237652944249749727 16,65354
233,897441296885 6,71300000476125 66,2533012471083 1237652944249749735 17,50767
157,808003605167 8,78204328193602 40,749706308712 1237652942639792422 17,92241
234,387330556791 5,30908607398054 65,6333807292463 1237652944249618469 17,25275
231,128468077613 5,24013412804748 64,7496714745469 1237652944249618470 16,12589
234,178839930819 5,41657978261777 65,2584342593089 1237656496187965627 17,5606
192,651330437702 6,48428837172735 52,3244675557839 1237656495651356886 16,29399
194,777912868921 6,57648589098108 52,8420104374467 1237656495651356898 17,57132
173,442360003619 1,38147678936987 44,6619342323904 1237652942638612710 17,21921
198,691402865238 1,50874319875857 54,0004682858408 1237652943712354560 16,99701
183,185316184499 1,5147529972524 53,0059080403695 1237652944786161825 17,15889
159,881021739666 2,27034963893209 45,9956474227038 1237652944786292943 18,09983
173,325496582872 12,5201504677648 50,4559958094308 1237653653447311408 16,19171
250,022685201603 3,49212936454737 61,9257558526712 1237656494040285319 17,46608
234,548556499854 -0,130225467700339 59,0048994220925 1237656494576763057 18,06922
161,246605838218 2,24299090426846 46,1367674079778 1237656496724639763 14,57944
243,531460803587 -0,106311306354156 79,3448565252775 1237679457072578746 17,62211
78,7061647901747 2,75412283690788 19,667563470018 1237652942102397131 17,50551
156,266750958435 -3,22686395776803 40,0597677382728 1237652942637957126 15,05417
211,276860621043 -5,01862870046709 61,2019465655884 1237679454924505341 17,53411
228,12064494563 -4,72540454677314 73,4568836409656 1237679457072119835 22,39021
170,79883483854 6,22277520481705 46,295112739881 1237656495651422354 17,20148
133,290149534539 -1,05139627855371 35,1538143893054 1237652943175090484 17,4001
77,1581348993888 2,18492470365354 19,5065656572147 1237656494577483851 17,0367
156,961741737662 -1,3172578817681 39,0952098856549 1237652942101348562 16,35127
165,372718195521 2,97151150682378 42,653110396428 1237652942638874921 18,04268
160,372933863399 2,80855899617961 46,0525616219741 1237652944786358511 16,56782
180,094514666173 3,12793336609362 43,9908221338732 1237656494040350922 16,74871
242,376750259488 15,9593443120407 70,3119961368065 1237653653447180490 16,21544
243,488075794307 16,0698756065897 70,2085738180625 1237653653447180500 18,02835
176,856111926305 -3,59488554344044 43,3933850038034 1237656240634724483 17,0727
11,5983492854196 0,564348822671969 2,94685648393312 1237656494577942834 19,03039
185,071007666205 12,2160756354444 47,0685972837498 1237656494578401393 17,03067
24,8026227316192 0,114711056033644 6,45150951267879 1237656495113765145 17,34877
78,1961417199268 5,15593429962556 21,0957300601823 1237656495652143150 15,48513
182,525070820164 0,448290592774583 49,5360507271981 1237652943712223430 17,96118
160,182932067327 4,02057120490378 46,3948578178987 1237652944786555021 17,9254
78,8812933763153 6,10720047777553 21,6975040305324 1237653652373700819 16,63114
194,555627577239 8,44869977250809 52,4941844427734 1237656495651618904 17,34972
189,514057617046 4,71956577592383 52,5431164996629 1237656496188031099 17,81431
243,623437668485 12,3188349346866 69,5266184169774 1237656496725492274 18,53646
197,449158453071 4,63386533210143 52,4356131008826 1237652943175876820 18,263
231,228445717508 5,35466079789497 64,8241710221565 1237652944249618647 18,24997
184,247368937347 4,3437375118812 53,020787820944 1237652944786489677 15,99112
183,333191760082 4,3610764375953 45,090490779327 1237656494040481976 16,42376
180,067019508402 4,1991939590457 46,8151912963868 1237656495114223798 17,99871
175,62846485905 4,18794613753327 48,4358474253701 1237656496187965654 17,47372
196,830063478146 -2,91606664882758 52,9448567074508 1237656242245468341 18,01596
76,3528915661971 2,01278590068809 19,6357005013545 1237652942639071352 16,74774
179,621270948097 2,62372728896425 47,0383512359295 1237656495114027129 17,17824
233,445272696656 6,15221905845917 66,9262771230569 1237656496724902119 15,70265
77,7758508918333 1,5601098938602 21,3855535493057 1237652943712682167 17,77764
83,3872356781657 1,06193935859945 21,3499130559514 1237652942638743710 18,39858
111,198124152736 1,40482623911641 37,9545687091446 1237679502171701509 16,96319
160,219425646932 6,70336477818679 44,7982852327802 1237656496188424300 17,77199
181,944433168784 1,20966165204342 46,7416537557222 1237652942638612625 16,66142
27,0694914248574 1,44769320732248 7,39433640310244 1237652943713468662 18,16683
181,661377935001 12,8394945007593 48,5424466645397 1237653651836698763 16,44201
121,078134963657 8,60792529233727 31,7384573092461 1237656495115403528 17,70105
91,7126430258051 0,626667954591003 24,7149072201353 1237656495650701475 15,35477
111,85551912739 8,16939821913522 28,044933206683 1237653650762957111 16,11653
25,3220511542342 -0,0423375638061892 6,69407474635527 1237652943175286842 13,17056
166,379854501369 -4,23414877313258 45,2889260983087 1237652943711568164 17,46969
184,261770830954 -0,407135318617546 53,4262473931007 1237652944785899677 15,63593
163,946484925152 -4,15446006577454 39,9498480927449 1237656494039302375 17,74416
173,182930684954 -0,310879738213748 43,6513437214259 1237656494576763153 17,50101
182,259083182479 -0,355538865296948 52,8852167975223 1237679454925029558 16,14549
250,196592157131 19,5558454325446 87,1722679178283 1237680245205631172 17,52902
172,811796186741 -2,21450596927964 42,9907272949944 1237652942101217470 16,63173
154,607391530715 1,35852167423455 41,5026601036205 1237656495650767088 15,98129
244,054196690429 18,5885301082289 76,0008060324869 1237679456000671866 17,63711
75,3835467214619 3,8582630036119 19,4746661905905 1237652942639661111 17,08324
74,0170082554012 3,79709835157018 19,2185316139508 1237652942639661235 17,94503
196,021456722242 11,5820269117928 49,4301373875459 1237653650762629334 18,28109
159,575257252352 10,8342429917919 43,4814773182008 1237653652373504346 18,19991
80,3975760619658 5,42719342628939 23,4646354627682 1237653653447180545 15,84114
75,1559054605948 5,09088428120187 21,7066483149636 1237653653447245989 18,16525
170,137984357236 8,62069228559127 41,8594400073831 1237656494041137365 15,99638
195,938911541777 11,4798725067991 49,6958851303418 1237656494578204793 16,1349
160,68209821414 10,955961030667 40,7712409754221 1237656494578466910 17,45213
78,3723604583041 5,30662703130656 20,6473807448446 1237656495115272472 18,08064
244,306038050215 14,260760923432 68,0428675460217 1237656496188817536 17,92561
116,998379543247 -2,74625715332227 29,9699708608425 1237652942637891713 17,13295
169,066795250179 -4,00516877987229 46,4492672392797 1237656496186851443 18,17888
86,2965979015085 0,0131713737413971 24,5524569925526 1237656496724312079 15,46316
157,483265100737 4,99612941641975 40,535396714171 1237652942639202456 17,26943
160,189741551605 0,266167053962552 46,3815565642389 1237652944785965203 17,29346
78,0710729527647 2,45165798776934 19,1395497492908 1237656494040678605 16,17325
181,374675689532 0,601450607144539 45,4731630508047 1237652942101610706 18,19024
157,28623274994 8,89883704997935 40,5039575242182 1237652942639792455 17,65725
115,67056982703 -1,88505619542397 30,7182537725046 1237652943174893983 18,22772
198,079422134556 0,788668277773976 53,8869428497286 1237652943712288939 17,25747
12,6575435865343 0,205394965234817 3,4436963338657 1237652943712551135 15,26704
12,4049342224716 0,535178545065069 3,49836119888574 1237652944250077292 16,02173
167,395996640864 -2,71199388178956 42,7201216961439 1237656241171661029 16,91831
157,179450187588 0,547387436247406 39,9991612332035 1237656494576894062 16,1854
183,733341903504 -3,06684692420678 50,4532932080715 1237656496186982628 17,55065
172,941631563928 7,3721663700959 48,2384889186056 1237656496188424329 18,10076
191,088188374063 8,11230313922623 54,9250983329327 1237656496725295280 16,91809
8,69489330410044 0,37308030569846 2,91474756313181 1237679457610498684 22,67518
115,865768555159 -1,29753425407078 29,9168403994852 1237652942638153900 17,22758
78,9175682380444 3,59220285268875 20,1215859360857 1237656494577877145 15,88949
191,783575087614 10,4500838120873 48,5213201024505 1237656494578139225 16,68859
119,984931958897 5,53024431968104 31,2272983083935 1237656495114748067 17,83019
76,45190081018 4,15265813995064 20,1778210810178 1237656495115010259 17,79901
81,4253007861848 4,43832508731065 22,7005896287526 1237656496188752231 18,1908
242,343664059079 13,0899647702567 70,7042015706926 1237679454926405823 17,49944
185,560003084033 11,2834765057687 46,6179431463733 1237653650762694815 16,31789
159,991798650864 11,0661378159304 42,3650306977967 1237653651836633399 17,81736
79,705714027524 4,83308531703866 22,8395822379887 1237656496725753990 16,6727
172,842861763702 -1,67723248337001 42,9170200296297 1237652942101348504 17,79469
163,904179612886 -1,57850754443987 45,8071847835556 1237652944248832129 16,27475
182,550067602147 -1,06759076587458 52,0860463115191 1237656496724115658 18,425
13,1943588919186 -0,126250742733161 4,65805402663544 1237680245740405541 22,19321
120,805374792468 4,76986963658972 30,1784249610009 1237652942102528259 17,16924
179,672079562881 7,16281729691349 46,3877900065007 1237652942639398970 15,72445
223,812916692592 8,84401294463184 62,7290063884855 1237652944250012005 18,19438
185,154478212238 1,0023062314486 53,7182210437639 1237652944786096264 16,55454
179,636495413572 4,55928283613655 46,6767527594782 1237656495114289324 17,88597
160,763892523078 6,34241860932686 43,4912228649108 1237656495651487904 17,82868
242,143834386332 9,65068955885379 69,1129157237437 1237656496725229752 17,20438
211,001983384068 -3,77769726314124 58,7863738087754 1237656242782273890 18,28753
153,46592371865 10,3363603514199 44,5447124277946 1237653653447180542 18,01412
121,658793153413 8,16291492134308 31,9384117963082 1237656495115272327 17,06883
161,089921891148 3,50011651614685 45,2052674645219 1237652944249553236 16,98631
80,3038899049732 5,61316672298456 23,4243945362389 1237653653447246192 18,05136
158,325465988151 -2,24147603624152 39,1011706670363 1237656240634855478 15,8046
158,132374029852 -2,24860816902543 39,1667597238807 1237656240634855488 16,11622
157,695940572472 -2,2701569842239 38,6688910055751 1237656240634855571 14,89329
159,693494171835 -2,2349724035974 39,1283021296061 1237656240634855605 17,82079
114,724028831908 -1,63607605401523 31,732855756983 1237656242782339493 18,11248
120,062733508691 3,29667416910568 29,3185268360717 1237656494040613144 22,1632
78,895626412162 2,17855046926298 20,1581678611377 1237656494577483828 16,67159
176,049083862437 4,83313834267301 47,6722906417749 1237656495651225816 18,0535
190,678418398291 5,34804599314268 52,64520376533 1237656496188096721 16,95277
119,867688717732 8,34171806580781 34,4630530732955 1237656496725950641 16,65097
77,5977528209339 5,43293286639164 22,3434122998614 1237656496725950654 16,0828
168,405893722458 11,7922632753586 48,2261572274043 1237656496725950670 18,63896
156,677366580041 3,32373549528982 47,7045275213704 1237678600768848164 16,93468
120,33286007862 7,55818617352593 31,7455517545469 1237656495115206747 16,38147
191,936139427053 7,82780931433872 53,4277768004428 1237656496188424200 17,73831
75,3765904034562 2,85398258969099 18,8199145138126 1237652942102463026 18,16647
17,3936435312134 0,66919085312686 4,35078424121577 1237652942102528329 18,24266
197,202452068713 -0,464454642700773 55,6261702230758 1237652944249028783 17,33642
12,5375552052512 0,480029631880439 3,55438084284064 1237652944250011658 13,25727
225,55866473008 8,80453063204833 63,467598440817 1237652944250011823 17,82132
184,7117025932 -0,455945601256731 53,387641227028 1237652944785899658 17,12241
92,1515455844153 1,50340921127897 26,7531635256942 1237652944786358297 15,63522
81,111769950217 3,07794943019682 20,6517399022559 1237656494577680678 17,5851
174,126103987009 6,66389453077396 49,5117439137456 1237656496725229715 16,99131
